10
0 33 21 0 0 05 66 0 63 0 0 83 17 58 04 0 90 0 0 75 80 0 0 94 0 76 97 0 0 29 48 86 0 0 73 45 06 59 54 15 39 01 0 14 0 0 16 40 0 30 0 68 03 0 0 100 0 95 07 28 69 84 25 56 0 89 0 0 50 0 0 81 0 35 78 0 0 65 12 0 36 99 79 0 0 0 0 26 24 0 87 60 27 52 49 91 72 70 62 0
49 94 11 15 0 92 74 0 29 25 40 0 46 39 0 62 0 82 88 0 27 0 0 02 0 77 0 96 28 0 07 0 13 0 87 0 19 80 38 24 0 47 76 0 0 33 45 85 75 79 34 61 0 0 09 83 18 78 50 0 36 58 0 20 51 66 54 68 05 86 26 17 23 93 0 0 72 64 0 89 55 35 0 100 0 0 0 97 0 91 08 57 0 81 63 0 98 65 22 0
40 73 0 0 17 75 0 0 0 91 81 27 97 0 0 0 0 05 35 0 0 53 78 85 54 65 18 72 69 16 10 68 0 0 0 99 71 04 79 90 0 46 51 0 03 0 57 29 0 23 55 0 0 0 0 0 94 45 74 59 0 43 34 12 70 0 0 0 0 0 61 52 0 0 33 28 0 62 0 76 22 31 0 0 96 66 13 39 11 0 56 0 36 0 58 89 0 0 0 100
56 69 60 34 44 58 42 0 03 26 13 43 12 06 02 18 0 0 84 67 10 30 81 0 0 0 0 04 11 0 88 17 0 28 0 0 50 0 0 100 41 0 0 63 0 0 0 71 0 09 82 79 89 62 0 65 29 72 0 0 59 0 0 16 85 0 0 53 83 0 0 0 0 32 0 0 46 96 36 0 0 93 23 48 05 80 78 08 0 0 75 0 45 61 92 0 31 0 0 95
55 32 95 0 0 22 76 46 0 97 0 0 54 10 48 14 31 34 0 61 0 73 0 0 87 0 0 17 0 08 09 0 91 0 66 0 0 74 89 02 13 11 0 0 0 62 12 72 0 65 0 0 0 0 35 0 16 0 70 0 82 0 0 23 100 94 0 99 96 79 30 0 0 0 92 0 63 0 07 0 98 0 0 0 0 60 88 0 50 67 68 04 40 69 24 80 0 0 0 06
0 53 0 47 50 87 0 18 02 16 0 66 94 11 32 07 92 63 0 52 25 83 35 26 0 0 0 0 49 95 27 0 44 98 82 0 0 0 39 0 100 43 97 81 48 0 88 0 17 60 91 0 0 0 08 84 96 06 0 77 90 0 0 0 40 03 22 42 30 41 24 80 38 0 01 0 0 0 0 69 0 04 59 33 0 64 71 62 61 0 0 76 46 0 10 93 0 0 23 05
0 36 0 90 85 0 81 77 57 100 74 33 89 0 0 86 37 0 0 42 0 47 0 56 0 41 0 62 52 0 51 0 0 21 94 58 0 0 03 0 95 27 05 0 0 25 19 0 44 54 0 0 0 93 04 99 17 0 66 12 0 76 0 80 13 39 24 0 0 0 88 55 31 73 97 60 53 14 22 20 72 68 34 0 0 0 40 46 75 0 07 78 0 0 48 0 02 0 71 0
04 0 0 37 19 89 31 0 35 59 64 0 56 65 0 0 0 78 72 85 03 93 0 12 14 0 45 75 48 0 83 97 42 08 0 0 0 57 0 61 80 96 0 0 58 28 52 34 86 10 0 0 0 0 0 0 36 33 30 0 60 26 01 63 91 71 73 27 0 0 68 0 0 95 0 0 05 0 0 99 0 94 0 92 0 0 29 17 06 49 50 43 18 0 0 0 13 0 0 39
0 06 0 79 68 0 0 0 28 27 55 0 100 0 0 95 0 53 0 0 0 0 0 0 70 57 40 51 46 88 36 69 96 25 41 85 60 56 62 0 66 90 0 0 08 91 84 0 0 42 0 39 26 0 14 75 0 0 67 24 04 0 21 0 78 0 72 87 0 0 50 0 77 0 83 0 48 47 71 43 0 09 65 0 0 44 32 01 0 89 34 29 97 33 12 0 59 16 73 0
65 71 0 93 70 01 0 0 45 0 79 0 87 96 49 26 0 0 0 0 05 89 82 0 0 19 0 92 66 74 0 14 75 0 0 0 43 0 0 31 0 67 83 68 36 0 59 0 98 73 10 0 38 0 80 40 02 0 48 15 97 62 0 07 0 0 0 17 0 09 0 03 100 04 0 39 0 91 0 0 18 0 0 0 90 16 0 0 69 0 47 94 30 0 88 35 20 55 99 64
17 93 47 0 61 56 0 36 66 0 62 25 34 0 37 0 12 33 51 90 18 0 0 57 0 68 69 74 0 0 0 58 32 64 98 73 72 35 78 0 43 97 0 04 0 92 71 67 91 22 96 0 02 95 48 08 87 44 21 45 39 0 0 31 59 20 49 50 84 16 0 86 41 0 0 52 70 60 38 79 10 0 0 0 0 0 65 85 03 77 0 01 53 54 0 0 0 42 63 0
19 24 12 87 0 0 40 27 34 79 82 88 92 17 13 0 35 54 38 09 91 0 75 0 77 0 0 56 0 10 25 74 0 63 0 0 15 03 0 36 46 81 0 32 0 39 11 18 64 0 60 0 0 16 0 61 70 01 58 0 05 0 45 99 0 0 21 0 0 0 0 69 04 51 0 48 94 0 76 84 90 0 0 0 73 0 30 0 02 68 83 07 0 0 0 0 33 71 66 98
51 01 18 16 08 0 02 49 15 94 0 0 0 0 0 81 41 44 70 45 61 66 0 21 0 73 87 63 0 0 0 0 0 0 0 0 0 68 0 26 84 12 0 0 23 88 83 0 0 0 57 28 52 29 33 0 35 0 77 03 78 48 98 14 0 0 71 36 0 55 74 0 0 58 99 10 17 0 0 0 40 07 56 0 20 0 0 38 0 46 0 0 65 89 0 39 0 91 59 0
53 95 0 0 45 81 0 11 0 64 05 39 08 0 76 0 55 97 36 14 0 33 0 0 96 67 24 94 0 43 91 20 0 04 50 0 29 46 0 52 42 79 73 51 26 0 15 30 54 17 69 59 0 85 68 47 0 0 27 09 23 0 0 0 0 0 0 0 0 07 35 65 0 77 71 93 0 92 18 0 0 0 86 28 57 0 0 32 98 12 0 37 99 0 80 60 0 13 0 0
0 35 33 59 0 85 0 42 58 0 22 57 10 95 29 32 46 28 0 69 01 0 47 30 0 36 76 06 0 0 93 34 39 88 0 0 0 19 56 97 05 0 99 0 50 21 0 0 45 55 67 0 41 86 66 74 63 92 51 40 87 0 37 27 53 24 02 0 0 0 0 0 98 81 0 0 0 83 100 07 0 0 60 44 0 18 43 0 0 09 0 15 38 82 16 70 0 48 0 0
0 91 0 99 0 13 48 57 52 70 0 80 18 0 0 93 59 31 63 0 0 0 51 98 0 95 0 11 0 37 24 08 0 14 0 07 44 0 47 66 0 28 41 0 0 0 25 0 85 62 17 54 30 0 81 72 34 0 75 26 92 46 12 68 0 38 83 0 73 04 0 42 0 20 36 22 67 55 15 0 0 0 0 0 0 0 27 100 0 0 19 79 10 0 69 0 77 0 0 87
0 55 30 0 29 90 0 67 100 73 0 07 75 47 26 99 0 0 66 96 0 0 53 62 48 93 20 0 80 23 0 38 57 0 0 77 0 05 27 0 59 16 37 98 94 87 0 0 0 0 79 0 0 97 12 11 39 89 91 0 76 0 0 86 43 0 32 0 0 17 0 0 49 0 61 34 0 0 19 88 95 21 0 64 72 0 74 0 0 0 0 36 09 0 81 51 04 35 08 0
31 0 0 0 0 06 0 0 0 75 0 52 0 79 0 0 0 0 15 19 0 0 92 83 0 12 86 0 81 25 100 30 54 0 23 0 0 09 33 10 53 0 0 0 47 89 0 14 0 0 0 24 71 0 94 80 46 56 0 0 0 42 65 0 74 85 62 13 08 95 0 21 32 0 0 0 44 40 57 0 35 0 0 39 0 41 93 78 37 26 0 20 43 0 0 0 0 0 0 0
0 07 44 26 92 0 0 74 22 54 0 71 98 73 77 0 94 58 0 0 14 0 31 0 0 08 27 03 100 38 81 0 37 0 0 53 67 0 28 0 02 65 0 86 34 01 78 0 61 35 04 06 83 50 64 0 19 49 99 76 0 15 56 82 93 52 63 75 47 11 0 16 0 0 89 0 96 0 13 0 79 24 69 0 0 0 42 91 55 66 0 23 0 0 45 62 41 95 30 25
0 86 0 0 60 23 0 0 72 39 0 89 0 53 0 0 02 24 64 0 0 90 26 0 0 0 79 0 97 0 76 0 83 0 12 65 01 71 0 45 57 19 96 06 44 0 56 38 66 75 88 36 0 0 62 14 93 0 0 0 0 81 0 0 03 29 80 0 0 91 11 78 0 0 0 43 0 0 0 95 0 48 0 67 33 17 0 0 04 31 0 0 84 46 52 05 92 73 0 40
73 0 15 0 18 70 0 0 0 09 51 0 76 0 64 08 43 04 81 95 22 0 80 60 66 86 01 42 13 82 0 94 0 03 0 0 40 06 67 63 0 0 91 0 14 57 90 79 33 92 31 02 05 0 0 0 71 0 44 0 0 25 38 0 0 0 52 37 56 0 62 47 34 0 26 65 58 78 49 74 96 61 36 89 23 69 72 0 0 28 0 27 21 0 97 0 0 68 19 0
23 67 0 57 37 12 0 32 48 0 44 77 40 0 0 36 0 0 0 0 70 0 72 74 04 0 26 29 76 85 0 61 66 0 38 0 0 87 50 0 0 08 100 0 0 0 13 49 10 82 0 46 0 0 0 0 83 0 96 22 55 0 94 0 0 33 0 07 80 0 51 60 97 64 0 73 02 88 84 09 63 06 11 62 0 0 39 47 0 43 0 0 69 0 28 56 25 0 14 65
26 21 0 80 58 0 49 0 84 38 0 54 32 0 0 0 0 46 0 62 28 69 95 0 0 0 0 57 0 50 0 19 0 0 20 88 34 0 11 33 60 0 0 47 0 0 96 02 0 53 86 43 0 0 36 0 90 25 52 0 68 83 51 75 14 67 40 63 0 0 0 0 06 82 0 0 15 0 27 71 29 0 81 65 37 0 0 0 16 78 74 0 55 23 09 10 0 22 13 0
76 30 0 27 63 0 0 0 77 31 73 0 21 12 59 0 0 71 86 0 81 19 45 40 0 62 41 99 25 0 0 95 0 79 29 0 0 44 09 14 22 0 88 61 68 03 85 28 0 0 70 60 0 72 06 89 65 0 0 0 84 36 0 10 49 26 96 64 0 0 0 35 17 0 0 75 83 0 0 0 38 0 13 82 02 0 0 55 0 53 54 39 57 90 47 0 0 100 51 11
0 0 0 17 0 65 53 0 74 0 14 93 0 61 63 05 52 0 06 37 0 09 56 0 0 84 67 02 24 0 0 12 47 0 39 68 35 0 15 89 98 0 36 40 0 54 07 25 58 0 51 0 0 0 100 21 0 0 03 0 0 04 76 60 0 41 0 57 18 13 0 32 0 0 0 59 11 0 0 23 0 73 0 66 30 77 83 99 0 0 82 0 0 94 46 79 86 0 0 38
0 0 0 0 0 96 44 03 11 0 0 31 0 09 27 0 60 92 0 0 49 08 06 47 0 51 0 38 0 78 0 0 0 0 45 0 82 17 0 48 72 94 0 35 77 65 0 75 0 64 39 14 0 87 99 15 97 24 76 0 0 0 88 61 0 05 34 0 0 0 0 37 07 0 91 0 0 46 30 86 85 71 57 04 42 0 79 80 0 0 63 33 32 43 73 95 26 0 0 0
60 0 0 54 0 0 0 40 43 92 0 47 0 0 0 13 53 100 0 99 0 16 0 0 44 0 46 97 68 17 74 0 0 91 58 0 0 0 81 0 11 18 42 45 51 41 80 93 62 24 12 19 0 0 0 38 0 0 26 0 28 35 70 22 82 21 29 02 15 0 56 08 0 0 25 31 66 63 67 39 27 86 0 0 09 76 94 95 07 84 48 96 71 04 0 0 0 05 61 85
0 62 14 91 0 0 0 25 47 0 24 34 96 97 33 0 48 98 29 79 0 88 0 0 27 87 0 43 23 11 56 0 99 49 0 0 0 73 02 0 06 0 0 37 38 0 31 0 71 44 13 0 0 0 0 0 0 0 0 0 53 100 39 92 0 0 95 09 0 0 0 94 03 0 05 12 0 68 0 0 26 19 75 20 35 50 0 21 15 0 70 41 93 40 77 17 36 0 0 52
61 0 56 19 0 0 0 0 0 0 38 0 65 23 0 0 67 94 0 0 0 20 37 0 39 0 21 0 77 0 26 0 55 96 69 0 0 0 57 0 15 0 66 12 01 0 43 78 34 97 63 0 82 0 92 0 0 09 93 11 0 47 30 0 62 0 79 86 71 0 70 44 13 53 50 0 0 0 54 29 46 03 0 17 0 0 0 0 0 48 0 06 31 0 0 0 0 07 88 60
95 90 71 0 59 79 0 0 0 24 84 11 0 74 18 82 72 02 0 0 30 91 34 0 0 64 12 0 0 0 31 65 0 0 77 92 0 27 25 53 63 0 0 0 86 50 0 21 70 32 81 0 55 0 56 0 47 73 40 23 17 0 0 69 87 44 08 97 99 19 80 14 45 41 0 38 42 61 01 0 0 100 0 0 52 22 68 0 33 0 0 62 0 15 89 76 66 49 0 78
14 0 0 61 87 17 11 0 0 0 0 0 99 60 19 22 54 48 0 65 66 0 18 15 97 06 56 27 0 31 70 90 09 23 34 0 73 67 24 0 0 21 0 0 96 0 0 26 63 28 0 0 88 89 76 93 75 0 47 83 0 30 0 59 0 95 58 77 0 62 0 10 43 0 37 0 16 85 0 0 12 72 38 74 53 36 82 79 86 52 51 0 94 45 13 07 84 0 32 0
30 10 40 50 0 0 0 0 92 45 0 04 11 66 0 64 33 06 0 47 23 95 91 43 0 48 63 05 67 0 01 0 31 38 53 16 0 28 0 0 82 74 54 0 0 0 03 39 52 0 62 0 27 81 20 19 0 08 78 25 0 0 0 0 24 56 75 96 12 93 87 99 0 0 72 0 0 0 59 22 70 0 0 71 98 29 0 0 44 41 73 34 0 0 17 83 57 0 76 69
0 22 0 0 0 71 0 0 16 0 10 53 95 69 67 0 44 36 59 49 0 80 85 19 01 0 0 0 82 30 0 0 78 33 0 0 0 84 94 58 75 0 09 23 91 0 61 48 72 0 68 92 07 0 0 0 0 0 41 100 25 28 74 0 0 70 43 81 57 0 79 02 0 38 13 0 0 0 24 56 0 0 64 93 0 88 0 65 66 62 35 0 0 0 08 0 0 20 46 0
42 05 08 0 0 26 0 0 89 43 0 30 74 0 38 0 0 32 0 0 29 0 58 33 0 0 55 0 09 0 61 25 0 0 14 0 0 0 13 41 0 83 60 17 0 20 0 22 49 0 95 0 24 73 15 0 52 0 11 0 31 0 90 21 76 19 100 0 36 0 0 66 71 57 44 98 97 67 46 0 23 0 0 68 40 84 28 69 34 03 62 70 06 63 82 0 0 0 10 0
90 0 36 86 72 29 28 38 62 19 41 0 16 0 84 0 17 12 50 76 45 68 20 92 42 26 70 0 0 65 97 18 03 0 0 0 47 79 52 0 69 0 81 71 67 08 0 0 13 0 94 04 0 99 39 0 0 0 53 06 48 64 0 40 0 35 0 22 63 0 58 93 0 0 0 09 32 21 96 78 30 85 95 73 0 49 01 59 46 33 89 74 02 31 0 61 0 0 91 43
75 83 53 0 41 24 0 44 0 0 35 18 62 0 0 0 0 72 37 07 74 0 0 0 0 90 77 0 17 0 0 0 0 10 63 0 0 0 46 0 45 73 0 76 16 38 01 0 0 0 48 87 0 34 54 0 61 03 86 0 85 51 0 91 39 23 0 14 29 67 95 88 25 47 27 81 55 52 33 30 80 20 0 32 0 02 60 0 05 21 0 40 11 96 0 0 97 79 26 93
67 77 74 98 0 31 85 34 91 35 97 08 0 0 0 73 0 87 71 83 21 0 57 75 0 53 52 60 0 49 17 89 93 07 0 36 95 0 0 0 0 88 65 100 0 0 0 0 0 0 0 0 0 0 69 59 64 0 37 70 13 0 0 0 45 79 94 32 0 50 0 39 11 0 0 0 82 0 63 01 14 10 18 42 27 26 0 25 96 24 81 05 66 99 0 48 30 0 09 54
59 0 01 0 0 69 23 0 13 49 0 0 0 0 0 0 63 0 0 51 0 32 76 39 0 38 96 10 0 72 0 27 0 0 0 04 0 0 0 0 56 0 58 97 0 0 18 0 99 47 22 0 29 14 65 0 31 60 85 30 61 73 82 71 34 15 33 0 0 46 90 0 0 17 0 36 92 74 91 0 07 55 08 0 87 81 57 89 45 0 0 86 67 75 0 16 19 0 0 28
0 0 66 33 84 93 0 0 39 78 90 42 09 0 52 0 77 03 85 13 0 41 59 04 69 0 0 87 0 62 44 81 0 22 0 0 54 82 71 86 37 0 57 0 89 46 14 0 0 0 23 0 96 0 0 0 0 0 0 43 0 06 60 0 72 0 0 65 0 08 07 0 26 28 0 83 75 0 0 68 61 11 0 99 76 56 0 0 0 58 49 0 80 0 0 18 29 21 0 0
0 46 52 63 99 0 0 0 18 37 29 75 25 91 57 27 0 0 0 0 0 24 11 0 0 0 0 0 79 0 68 35 0 74 65 64 39 30 83 0 31 50 10 59 62 0 87 0 0 34 33 32 28 58 0 0 0 66 38 0 0 0 0 17 0 80 16 0 09 05 14 0 0 100 45 0 51 70 89 60 15 0 47 0 0 43 54 92 48 06 12 0 77 44 90 0 42 0 36 0
16 15 32 0 0 0 06 0 97 0 53 0 59 67 0 0 34 49 0 0 83 0 01 0 0 0 30 0 19 73 0 0 11 0 60 94 0 0 0 0 0 0 48 0 75 23 29 09 40 0 0 0 45 0 07 0 26 21 92 0 43 0 27 28 57 81 0 0 37 74 86 24 54 13 0 79 0 0 02 77 0 88 62 31 0 90 66 63 51 64 0 0 35 20 03 0 52 0 55 46
0 0 37 0 0 73 0 0 21 0 0 29 26 57 91 40 0 81 0 0 94 13 0 79 11 02 0 0 0 71 65 76 35 39 68 0 0 96 64 30 0 93 0 07 31 0 34 10 50 87 56 38 01 82 0 33 66 67 0 58 16 0 05 41 09 84 98 80 86 49 53 89 70 45 0 14 60 0 61 51 0 43 0 0 0 97 48 0 54 47 0 0 12 72 85 42 23 0 04 0
39 0 0 0 27 0 33 93 0 66 42 90 85 52 05 77 0 0 0 0 0 0 0 0 59 47 0 41 0 0 32 48 0 0 44 71 22 86 19 82 0 55 0 46 37 30 94 0 53 14 36 35 79 43 96 23 0 50 97 63 88 0 08 06 38 0 0 10 72 0 83 73 0 0 28 07 68 26 40 75 99 56 0 61 67 0 17 0 91 0 80 25 49 0 100 29 0 24 92 0
25 87 81 11 0 02 0 17 14 55 98 0 0 19 60 54 22 65 99 48 06 27 97 35 18 0 31 40 15 56 34 0 90 73 0 24 0 20 100 0 0 0 26 80 0 0 0 64 21 04 0 47 76 83 88 71 0 75 0 0 58 59 0 30 0 77 42 95 69 78 0 0 85 37 29 08 49 43 0 0 74 36 52 0 0 0 0 53 0 0 94 0 51 50 0 84 07 0 0 32
0 72 19 0 0 38 86 29 90 36 23 0 0 84 100 17 56 76 16 12 26 0 42 51 0 0 0 68 92 70 37 03 18 47 0 52 0 55 80 79 67 0 98 0 69 0 27 0 0 66 44 53 0 06 0 94 10 0 04 0 11 0 87 64 0 22 0 35 07 54 0 96 21 34 15 58 78 0 93 32 0 49 0 30 0 0 0 83 01 95 02 0 0 0 74 0 61 31 43 91
91 47 35 85 77 34 98 31 67 0 08 0 71 78 0 58 0 83 80 87 53 0 61 0 0 21 49 12 75 0 15 93 89 95 17 0 07 62 0 0 90 41 84 43 0 0 68 65 88 0 0 37 69 70 0 16 55 0 0 46 0 44 50 03 04 32 0 0 45 92 23 63 20 0 19 76 01 0 39 0 42 26 24 14 25 10 96 27 0 18 0 38 81 56 0 30 48 99 54 09
89 48 43 94 0 54 64 26 42 08 0 01 79 38 92 88 96 0 74 32 16 07 93 0 58 0 81 37 33 55 14 87 0 45 61 0 56 41 72 91 85 49 22 20 35 17 77 60 0 51 0 11 15 18 24 95 0 0 0 73 0 0 99 0 36 47 0 19 76 0 0 46 67 44 57 04 50 0 66 97 68 84 0 23 69 0 34 40 28 0 06 82 62 59 70 65 0 0 0 10
92 0 45 60 10 68 50 0 30 40 0 02 61 14 66 0 64 0 11 06 48 05 0 67 91 23 89 0 43 63 53 31 88 85 0 0 38 49 16 28 32 52 39 79 82 0 86 54 0 03 19 78 20 25 27 62 0 51 0 81 75 55 93 97 12 0 0 56 24 18 84 59 94 72 42 0 22 80 99 65 0 0 0 0 77 13 0 98 35 100 15 17 73 37 34 0 83 0 69 76
13 80 49 23 79 88 0 0 59 01 21 20 68 24 94 0 0 0 43 93 38 0 0 0 0 54 0 0 39 96 06 05 0 66 0 26 0 50 04 40 0 0 12 11 0 0 47 58 25 18 0 0 65 30 29 22 60 31 0 14 33 71 0 0 52 0 0 15 0 82 36 91 0 62 0 0 0 35 0 92 0 0 0 07 89 55 45 87 0 0 0 0 95 41 86 19 0 75 28 53
0 41 58 65 83 44 56 24 75 0 18 0 0 0 82 15 0 0 0 72 0 0 0 17 100 74 99 84 0 77 63 0 98 57 59 0 0 43 08 69 16 0 70 38 0 76 0 0 0 0 09 86 54 0 0 0 0 61 0 34 66 0 67 0 0 0 85 23 0 68 0 33 0 27 0 95 30 25 88 55 32 02 21 80 50 20 05 04 60 94 11 0 22 79 40 97 64 96 93 26
0 58 38 0 21 45 0 72 0 87 0 0 0 70 41 39 0 0 0 46 0 57 79 18 95 28 0 69 93 94 20 100 19 34 64 11 97 33 88 0 73 0 02 56 60 0 0 59 76 96 85 0 36 08 0 86 25 90 43 0 0 0 42 83 31 0 68 0 14 0 0 27 89 0 82 77 71 0 98 15 65 05 0 0 24 12 16 0 92 81 55 09 0 0 0 44 0 0 35 13
11 66 93 0 0 03 22 96 69 20 0 56 58 27 0 60 83 25 0 0 51 38 52 36 0 0 0 08 47 0 45 70 28 0 54 41 62 48 98 0 0 89 0 65 72 0 0 74 94 81 15 0 99 0 10 39 0 0 14 0 34 0 0 0 23 12 50 05 16 0 21 30 46 91 18 19 86 07 0 100 04 40 90 0 80 71 67 0 79 57 0 73 0 02 0 0 95 0 84 0
88 18 09 0 16 83 41 0 73 15 85 51 81 64 0 43 08 0 76 0 86 42 0 13 80 0 0 100 0 01 30 59 0 0 46 0 0 0 84 06 0 33 79 57 0 0 0 91 0 90 29 0 0 0 05 31 0 71 02 32 52 11 77 0 0 0 93 0 0 38 65 49 78 26 55 62 74 34 0 58 89 0 28 0 10 61 87 0 0 36 21 97 24 68 0 50 45 53 0 0
43 75 0 0 64 40 54 0 60 06 47 78 69 0 88 0 0 0 49 100 59 0 0 0 73 55 0 16 0 46 58 36 0 90 74 0 91 83 0 23 0 0 0 41 0 0 0 0 0 80 38 26 50 20 0 12 57 0 19 33 0 22 03 0 0 02 28 21 82 70 31 67 0 0 87 56 39 0 0 0 01 0 84 0 95 86 0 0 94 14 71 30 48 05 96 37 34 04 0 61
77 63 31 01 30 0 27 33 76 46 0 0 86 0 12 66 42 50 0 0 62 0 0 25 0 81 98 0 0 0 29 04 95 78 80 0 79 14 18 44 68 23 0 03 22 61 48 0 05 0 0 0 06 07 34 70 0 65 60 72 96 10 0 0 32 64 84 26 49 58 75 92 93 69 52 0 24 17 35 0 82 0 53 0 0 74 0 02 56 13 0 47 54 100 39 0 08 0 11 51
99 81 05 0 02 0 0 28 61 56 16 38 90 0 23 67 91 0 65 0 75 0 0 77 37 89 0 20 32 0 69 0 24 0 26 0 0 51 10 08 01 34 78 52 0 12 97 0 84 43 0 93 92 0 82 63 09 0 95 04 79 72 0 47 0 0 74 0 62 30 40 0 33 50 53 0 29 13 44 36 0 0 0 0 45 0 41 18 0 98 0 42 0 07 0 58 87 0 60 88
0 0 82 08 62 25 0 51 78 14 0 24 29 33 97 48 0 79 0 98 87 43 0 0 90 63 11 0 0 0 85 99 22 0 56 0 49 07 60 73 38 0 55 83 06 0 0 16 30 31 01 64 67 54 0 13 42 58 69 0 95 0 66 100 0 0 53 45 46 39 12 0 68 05 76 72 57 03 0 81 0 0 0 0 0 19 15 35 59 75 93 77 70 80 0 36 17 40 52 18
0 34 50 53 97 55 17 0 0 29 93 0 06 0 61 52 05 0 19 0 0 0 0 24 0 0 0 09 96 0 39 0 12 35 71 0 42 89 68 0 87 58 0 0 0 40 0 36 26 0 21 03 0 88 78 0 0 62 0 80 91 60 0 04 18 57 27 0 0 76 59 90 28 0 22 0 23 0 32 11 66 77 0 08 0 0 49 30 0 70 01 46 82 64 72 86 79 0 38 0
48 37 42 35 67 32 57 12 23 86 77 44 0 15 68 0 0 20 0 01 71 29 0 76 0 0 85 58 74 26 38 66 61 0 0 50 05 0 0 87 27 0 49 19 0 0 82 100 08 13 0 96 59 22 91 18 30 0 46 53 81 0 0 90 80 0 0 33 0 94 73 84 88 79 0 51 09 97 60 02 62 54 0 0 0 0 31 34 39 11 69 28 03 0 99 25 56 92 65 14
0 59 24 36 0 04 39 0 0 71 11 84 07 18 74 72 0 0 0 02 64 48 05 0 0 0 83 0 54 0 0 43 65 13 31 25 37 53 0 27 86 70 0 0 63 0 32 0 29 0 28 0 56 23 55 81 73 47 0 35 08 69 0 98 99 97 17 44 87 06 38 01 0 0 0 80 85 45 14 42 60 22 51 58 93 100 0 52 68 88 20 89 16 49 62 0 0 0 0 75
0 08 94 02 01 0 0 0 51 0 06 67 0 30 86 41 81 0 0 44 0 0 32 05 64 61 54 0 21 87 96 79 85 80 0 90 0 26 0 0 0 0 0 88 84 0 0 31 0 83 0 0 0 0 0 0 13 35 28 29 71 14 0 48 22 0 78 34 60 0 10 62 37 99 58 0 0 0 75 0 0 92 46 40 0 07 0 20 53 56 0 0 76 91 11 0 39 0 50 59
0 0 70 48 91 57 99 0 32 65 80 50 63 40 0 0 93 23 18 31 0 11 60 71 0 09 0 39 98 35 0 0 0 44 24 0 14 0 0 94 0 85 33 0 76 82 0 0 28 25 72 75 81 0 0 0 53 34 54 0 0 68 0 0 0 0 92 0 97 0 0 15 55 36 20 0 90 0 0 0 84 01 96 88 0 58 89 16 27 0 10 69 19 0 79 0 06 03 87 21
72 60 39 0 0 41 77 23 98 0 0 0 64 87 0 02 0 21 42 24 82 59 16 0 0 15 07 90 70 79 12 83 51 0 0 0 55 45 65 71 0 0 0 49 57 06 75 0 19 0 14 0 0 10 18 0 100 93 36 0 0 0 91 81 0 58 0 29 03 35 0 68 0 09 08 11 95 50 78 28 67 17 0 0 0 48 04 33 47 0 84 52 85 73 0 92 05 46 40 0
66 0 80 14 0 36 0 56 17 47 25 62 51 37 0 12 100 90 34 33 0 0 40 0 29 18 19 28 57 69 98 32 0 72 11 78 64 13 0 35 0 0 0 92 43 04 22 0 97 71 0 21 48 0 0 96 44 0 15 95 49 31 16 09 84 0 39 0 0 0 0 0 60 46 0 05 79 41 86 70 0 0 0 0 85 82 03 81 65 76 0 55 0 42 0 0 27 54 94 63
83 45 0 21 0 0 25 0 0 0 39 05 36 76 01 55 49 0 08 0 0 94 96 0 02 58 43 33 89 24 50 16 0 29 91 0 04 0 06 46 0 54 30 0 42 0 0 73 79 15 47 27 68 09 84 69 82 0 0 85 70 66 07 88 0 90 0 40 44 100 93 0 0 0 77 0 03 72 65 31 28 34 12 75 32 87 98 57 63 86 99 80 0 13 0 0 60 78 0 56
82 04 75 0 0 0 38 06 0 88 52 91 0 0 79 11 16 19 0 0 12 34 49 81 92 0 25 22 83 86 23 0 0 87 0 33 99 10 59 09 0 69 0 89 53 48 0 0 0 36 80 0 0 90 0 0 56 0 0 0 0 77 0 0 0 13 0 85 0 0 0 0 40 0 66 01 0 32 21 44 39 0 26 35 78 0 37 61 93 05 43 0 64 0 0 28 68 18 02 97
 100 0 73 10 55 67 46 0 71 30 0 65 66 26 0 0 99 96 0 56 0 45 48 80 53 0 23 44 62 20 0 57 38 31 92 0 41 0 0 05 94 0 0 0 59 98 40 37 16 70 11 91 12 78 42 79 89 39 25 97 32 86 0 0 33 01 76 0 43 0 34 19 02 0 0 0 88 0 82 0 64 83 15 0 22 0 52 0 74 0 0 81 58 0 36 0 0 14 0 0
0 28 79 40 0 27 0 0 0 12 88 82 0 0 17 35 0 0 0 0 0 0 77 55 0 0 10 0 50 0 86 0 74 15 0 95 0 36 0 03 93 0 18 0 46 32 0 52 81 0 0 0 0 65 22 60 01 70 23 0 21 99 89 57 41 72 0 06 67 45 48 0 0 14 51 97 84 0 69 94 49 0 68 90 29 08 02 73 0 0 0 26 83 0 0 33 96 47 98 66
0 0 84 20 35 0 59 85 0 0 57 0 78 29 95 46 32 69 10 28 36 0 65 72 0 0 04 52 30 0 75 39 34 89 93 0 88 0 61 0 50 45 13 21 0 90 0 99 77 08 74 51 66 0 41 67 0 63 73 86 0 0 0 79 64 54 87 0 53 37 0 0 83 0 0 25 0 0 0 26 0 18 0 0 71 14 62 11 43 0 38 0 17 48 15 0 0 82 49 31
0 0 54 43 0 0 0 09 0 0 71 0 60 77 73 94 85 68 98 0 08 03 88 100 31 14 38 46 0 27 18 37 0 67 81 0 0 0 53 70 34 61 0 0 0 86 35 20 65 78 32 99 64 76 0 04 49 0 06 50 63 82 11 0 47 75 10 52 0 56 0 13 59 0 0 33 12 0 16 0 97 51 66 0 91 0 0 36 42 69 0 45 90 95 0 41 0 57 25 0
0 0 0 13 0 30 79 0 20 10 0 55 22 0 03 23 0 38 100 53 57 51 70 46 0 99 0 98 63 40 41 0 69 0 36 62 25 93 85 0 0 92 82 91 66 74 0 35 90 84 75 67 14 0 26 54 86 05 39 19 72 37 31 49 0 0 04 18 78 21 94 0 47 0 02 50 43 0 11 48 45 44 0 52 0 0 0 0 32 65 97 0 34 0 29 0 15 33 17 73
0 38 0 0 33 43 0 0 96 0 83 19 44 0 58 90 0 0 17 08 0 31 23 0 13 80 0 0 94 97 73 46 86 06 48 54 0 15 45 59 64 0 40 0 0 14 30 0 01 0 100 07 11 28 03 20 0 0 68 98 0 56 57 84 50 88 69 89 0 25 0 0 65 0 35 82 18 42 0 10 02 0 74 36 26 0 0 51 0 79 27 49 0 0 60 72 91 52 0 62
0 85 100 81 36 77 90 0 08 67 0 74 0 0 98 0 86 0 89 0 0 62 50 0 09 0 59 47 0 0 94 0 49 0 0 03 21 65 58 18 70 44 0 25 95 0 0 05 27 19 99 0 04 12 87 0 23 17 0 93 0 80 10 0 0 28 0 0 0 0 60 0 14 0 0 0 0 31 55 53 0 38 30 0 0 0 75 43 40 34 0 48 07 26 0 02 82 0 79 71
0 50 16 78 53 18 47 0 0 99 66 0 28 32 0 92 0 52 94 63 37 79 67 49 0 25 95 83 26 36 82 44 0 70 27 39 98 12 0 0 0 17 0 0 0 0 60 97 0 88 84 31 08 77 73 0 06 96 0 13 22 65 41 74 30 0 90 0 40 75 57 0 0 01 0 24 0 0 0 45 0 0 0 21 62 04 0 0 71 0 46 0 0 19 0 0 93 51 05 0
80 0 0 0 73 0 24 75 40 0 27 81 35 93 50 0 47 30 97 0 0 0 0 69 0 0 16 53 85 18 95 64 68 71 0 79 0 90 99 0 03 0 29 02 0 26 0 51 0 57 0 0 0 59 44 0 45 0 0 60 19 12 15 43 06 08 67 92 70 34 0 0 0 33 21 61 76 0 52 98 0 0 87 22 0 31 0 0 0 07 0 58 56 77 83 14 89 84 100 0
0 0 23 12 71 52 0 01 65 72 60 79 0 49 0 25 0 29 87 57 19 0 21 0 82 05 74 0 58 44 0 75 14 43 78 0 0 31 34 37 36 98 50 24 0 68 0 0 0 59 40 0 0 0 38 10 0 02 0 27 0 0 09 62 95 0 0 11 77 32 39 0 91 0 04 0 13 100 03 08 56 16 54 0 84 0 69 90 85 63 30 88 47 55 0 0 35 28 0 99
35 19 59 0 0 62 37 89 04 07 09 64 0 20 65 24 21 85 56 0 100 75 0 48 0 0 15 93 12 45 22 42 97 0 0 40 08 0 0 0 0 86 34 0 0 53 10 0 96 52 0 30 25 69 0 76 33 36 88 51 73 63 02 26 81 27 60 71 0 0 66 79 0 67 0 68 0 84 87 0 0 47 49 0 0 94 0 70 0 82 18 54 0 0 43 13 0 74 39 0
0 14 25 74 0 0 15 92 0 0 59 40 0 99 39 0 0 70 0 82 77 96 43 0 71 27 06 01 02 60 0 0 0 0 07 0 0 24 0 0 04 75 0 33 21 0 79 76 47 45 83 0 09 41 32 0 78 18 61 52 54 20 86 58 05 68 36 0 0 48 44 56 0 90 0 26 89 23 0 72 0 37 0 0 97 0 73 12 95 10 0 0 08 0 57 98 0 81 0 22
0 0 97 76 32 46 0 22 55 0 45 0 77 0 0 0 14 61 0 34 33 0 87 90 0 0 08 73 0 0 0 91 0 26 09 89 81 0 05 74 0 0 72 62 0 0 0 0 11 0 58 0 0 21 0 0 43 0 0 0 0 0 0 0 96 99 0 94 100 0 27 0 75 92 59 0 41 19 29 63 0 0 67 0 28 15 0 0 0 0 40 24 0 01 0 85 80 69 06 37
0 44 26 0 69 39 34 0 0 60 43 13 0 02 06 0 18 67 0 73 0 04 86 0 0 10 68 30 22 91 0 01 0 50 88 35 0 100 0 0 55 0 0 94 0 0 0 87 07 99 0 0 0 64 89 82 0 29 79 0 14 0 52 38 83 53 0 98 0 33 0 36 96 70 32 54 40 15 0 46 48 80 27 76 08 93 19 0 78 0 45 0 75 0 66 0 21 61 0 0
24 23 02 0 74 0 73 15 38 0 0 28 0 25 0 98 0 0 0 88 44 21 10 31 89 43 100 0 01 0 35 53 41 51 55 12 0 0 29 95 40 06 17 42 65 70 0 0 87 50 0 33 47 0 0 45 04 0 0 67 77 05 14 13 58 78 86 60 68 22 0 72 99 0 07 32 0 66 0 37 34 0 92 03 0 27 36 0 0 61 79 56 0 0 18 0 94 39 0 80
0 40 34 05 39 80 71 16 87 28 0 03 67 85 81 09 0 89 0 64 11 86 94 29 0 0 0 15 06 0 62 33 56 0 79 31 100 0 0 99 10 32 0 0 19 55 0 08 48 0 73 12 43 0 95 35 88 07 49 0 18 54 0 45 42 0 57 0 0 47 0 26 0 68 0 13 59 90 0 21 91 65 04 51 75 52 84 41 0 0 14 22 0 27 50 74 0 97 0 0
06 0 69 0 11 91 32 78 0 90 92 0 0 0 0 80 68 16 05 0 0 0 0 61 99 52 0 65 87 66 43 0 0 02 72 0 0 76 96 38 29 0 45 34 0 22 0 0 82 98 0 0 23 31 58 03 0 0 0 56 44 0 63 0 26 59 0 100 0 73 17 53 86 0 74 42 93 79 0 04 25 62 97 0 64 30 09 0 0 0 33 0 41 67 84 0 55 08 83 0
46 12 0 75 0 0 0 0 94 98 0 49 0 42 51 0 57 77 01 43 60 23 30 0 0 0 0 0 0 28 0 0 0 20 03 0 0 92 0 0 25 36 90 67 0 85 38 04 95 05 52 17 37 39 19 0 0 0 0 0 0 87 0 50 0 74 0 31 02 71 41 0 0 84 0 55 0 0 0 0 69 79 83 0 06 78 76 0 99 93 0 0 0 0 21 0 0 0 68 82
0 43 51 62 0 0 0 53 0 03 15 99 0 0 07 50 79 41 0 18 0 0 17 14 22 35 39 49 45 0 04 0 0 0 05 0 0 0 37 0 28 80 0 77 0 16 74 61 0 33 0 0 21 94 0 87 40 32 63 71 06 34 20 0 75 30 56 55 66 72 0 0 57 12 0 89 25 0 09 0 0 67 29 59 0 95 38 31 0 85 91 19 26 10 0 0 81 76 42 0
0 0 89 97 25 99 45 0 0 85 72 95 0 0 55 87 0 22 0 17 42 78 0 0 0 0 33 76 38 03 0 26 80 58 19 0 0 0 44 0 81 56 0 13 30 73 91 53 0 49 77 0 60 79 0 05 84 0 29 74 0 0 23 0 10 46 12 04 0 61 69 0 82 94 0 47 0 0 43 0 16 28 0 0 48 0 0 88 21 40 37 02 92 0 75 0 01 36 86 07
0 42 76 0 56 0 29 66 09 77 0 26 0 0 75 19 0 0 0 60 97 50 24 08 41 0 58 0 91 0 0 23 73 48 57 17 94 32 0 39 83 0 0 0 71 18 21 92 14 0 30 0 0 0 16 25 69 11 0 36 99 95 0 85 0 43 07 62 27 80 67 0 81 0 88 02 0 0 70 0 37 0 22 0 86 0 0 0 20 55 05 59 0 93 65 90 54 06 15 45
0 0 83 95 65 60 55 10 33 0 100 37 0 45 0 76 61 91 47 35 79 0 19 73 0 34 0 81 0 0 89 06 0 0 0 74 59 25 14 78 0 31 0 58 0 84 0 0 57 0 66 0 75 42 51 97 54 99 82 02 38 0 40 0 0 49 0 16 90 0 18 0 0 0 56 92 0 22 0 27 24 63 0 50 15 39 0 94 23 0 29 87 04 85 53 71 43 88 96 70
0 31 68 67 0 47 70 14 0 04 86 0 33 34 0 65 38 0 20 0 46 55 0 37 84 56 0 0 07 0 52 15 21 83 13 0 93 22 91 42 54 0 0 0 99 0 26 23 0 63 50 18 0 92 53 78 0 76 0 0 35 29 64 24 79 51 09 25 0 36 71 0 0 49 16 96 19 48 0 80 0 45 02 0 74 32 0 82 0 73 98 61 0 0 44 0 11 30 0 0
0 49 13 0 52 21 0 35 07 22 70 0 02 0 56 29 0 0 73 11 40 0 74 0 0 0 32 0 0 0 0 71 0 0 28 87 0 0 0 0 0 78 0 0 0 64 20 94 0 72 24 55 0 0 98 0 0 0 62 96 0 67 84 33 0 93 37 0 88 81 100 0 08 10 0 15 34 76 0 0 0 0 0 05 44 89 14 66 0 19 0 31 60 09 51 0 0 0 48 77
0 100 0 92 43 53 0 48 44 51 99 15 23 0 08 79 50 0 0 0 0 49 0 0 17 0 90 0 14 39 05 0 84 0 04 0 68 11 86 0 52 0 61 0 28 77 0 24 80 74 87 63 0 71 0 27 32 40 0 0 56 0 0 0 0 55 06 30 75 0 89 09 73 0 12 0 54 57 97 25 59 95 85 13 0 67 58 60 38 29 26 0 91 76 0 81 46 10 0 0
0 74 57 73 23 0 0 19 24 02 28 63 93 0 0 0 98 88 82 59 43 26 89 01 0 0 09 21 31 0 0 41 53 30 35 29 51 95 12 0 65 0 11 70 40 42 0 17 06 0 0 0 0 0 47 64 20 0 33 0 86 0 22 05 0 60 0 0 58 0 32 85 66 0 75 0 37 99 72 0 0 0 61 34 49 96 0 0 0 0 0 0 0 39 56 94 0 0 80 16
94 96 98 0 0 08 75 86 46 61 49 32 01 51 42 57 0 0 48 77 88 18 62 59 0 60 0 0 0 47 0 07 0 27 16 63 20 54 0 92 09 0 0 0 25 67 05 90 36 0 26 0 0 91 37 52 22 80 0 39 15 0 71 87 0 0 65 0 11 97 0 0 44 0 84 41 14 0 64 0 81 78 93 69 0 79 0 0 76 0 13 0 100 34 35 40 0 0 82 68
0 0 0 0 0 0 67 47 81 68 0 86 0 62 0 38 65 66 33 40 0 0 84 07 12 0 57 55 37 0 0 0 0 93 52 91 83 42 97 0 0 59 0 60 54 75 0 69 100 26 0 08 53 0 0 50 76 41 18 92 0 0 0 29 94 25 35 51 79 0 96 0 0 0 0 71 80 0 95 19 0 0 0 43 0 0 10 0 0 02 28 0 0 0 0 11 03 17 72 89
37 11 90 32 20 0 18 91 06 0 94 0 0 0 54 68 0 0 0 16 0 0 99 0 36 85 66 0 0 75 72 0 60 24 0 0 02 38 01 76 0 82 0 0 0 0 98 0 51 0 03 81 0 56 0 0 28 15 13 31 89 70 73 19 48 100 44 59 0 63 0 50 79 74 0 0 0 86 53 93 77 0 35 25 07 62 12 64 09 97 41 84 33 08 95 55 49 67 0 83
07 0 22 58 49 35 30 0 0 0 0 70 73 56 36 04 29 11 0 39 92 0 63 95 0 0 0 54 0 32 28 0 71 65 90 75 18 47 0 0 79 03 94 64 0 27 72 43 78 20 0 0 0 0 86 0 0 59 55 57 37 33 0 67 88 91 0 93 17 84 0 0 76 23 0 100 61 08 83 0 05 89 19 0 66 0 26 44 0 42 60 51 0 12 31 99 38 0 77 48
0 56 0 29 42 66 82 63 0 0 0 12 13 75 0 0 0 60 52 74 0 0 41 91 24 97 51 0 08 58 0 73 23 94 40 0 0 0 17 0 0 14 0 18 0 96 89 0 35 21 25 0 16 36 0 0 11 69 10 61 07 0 80 95 0 62 99 43 28 0 02 70 01 88 0 67 87 81 31 38 47 98 0 0 68 0 0 86 0 22 78 0 05 06 59 54 0 0 45 15
50 0 85 45 0 0 97 99 0 89 95 72 0 55 90 06 0 17 24 22 96 76 68 38 83 42 03 0 27 0 0 80 26 09 67 44 58 0 0 34 0 15 53 73 0 13 0 62 56 91 05 29 0 74 60 0 0 0 0 0 12 08 61 39 98 04 0 46 10 23 47 43 51 65 0 0 35 0 20 52 0 57 40 0 88 0 0 48 18 71 92 75 37 36 02 01 63 0 0 0
0 39 28 71 0 0 0 80 36 34 03 0 53 0 85 78 09 0 67 89 0 15 0 06 94 0 93 86 29 02 0 0 0 0 62 0 0 99 31 0 19 48 0 55 10 66 46 01 0 37 0 49 95 0 43 0 0 88 0 44 0 45 47 54 0 82 18 76 42 0 13 77 0 60 0 0 21 30 0 59 0 0 17 91 41 65 70 0 84 04 23 0 0 0 0 0 74 0 20 58
33 65 0 0 0 10 0 0 64 83 0 0 0 0 45 61 76 35 30 91 0 0 98 20 0 0 48 67 73 0 0 0 0 59 89 14 46 78 74 25 07 57 0 84 12 58 93 86 0 41 97 82 51 02 75 66 99 54 09 0 03 52 0 32 90 0 38 0 21 0 92 28 22 56 11 0 0 36 05 62 0 0 72 24 94 0 0 15 0 01 04 53 29 88 87 43 0 85 70 96

9
29	75	13	10	70	0	0	58	0	0	0	27	0	74	0	61	0	68	51	5	0	17	22	64	0	0	20	0	0	3	24	81	12	0	42	0	37	0	44	0	15	0	73	0	0	0	28	78	0	0	0	0	48	71	0	26	0	0	0	0	0	0	19	30	0	2	52	80	0	0	62	0	31	4	0	43	0	0	0	53	0
72	76	22	36	16	17	38	80	65	15	26	0	45	63	78	2	59	0	68	0	39	71	0	34	0	0	12	53	25	75	0	13	0	0	79	0	0	0	60	10	40	0	0	9	29	73	0	41	56	69	4	51	0	0	33	0	54	44	37	0	20	55	30	32	66	46	67	24	70	0	58	0	0	49	0	61	0	0	74	0	6
50	4	30	0	63	35	0	12	48	19	9	0	64	21	0	0	80	81	26	49	0	70	0	59	41	0	6	56	0	44	0	73	11	54	29	0	0	25	28	46	66	78	55	0	18	65	0	52	0	8	0	36	24	0	5	0	79	0	77	0	0	0	0	51	60	38	17	37	14	16	42	45	76	0	0	7	0	33	1	0	39
11	0	25	57	20	0	40	73	19	0	0	34	0	0	0	71	10	0	0	42	76	47	33	65	66	0	0	67	0	74	60	41	30	0	21	39	16	43	0	2	0	0	70	22	7	1	63	77	9	0	68	46	0	0	0	38	27	0	69	23	0	53	72	4	79	0	64	31	50	13	3	0	75	28	0	58	62	26	0	35	48
81	27	0	31	0	0	49	77	39	12	36	0	0	0	79	38	37	25	14	56	0	21	0	0	75	13	24	52	0	72	0	0	55	0	0	0	63	26	67	11	0	62	0	48	0	22	2	29	0	0	43	0	61	50	9	0	47	8	59	0	73	0	0	0	0	0	0	0	78	40	0	20	46	45	60	0	70	0	0	0	0
51	59	0	0	0	0	0	41	28	23	48	60	76	0	58	44	6	0	10	0	8	9	15	0	77	30	19	0	0	0	22	0	4	0	65	80	0	50	35	49	0	0	61	0	68	21	33	53	0	0	0	0	38	0	46	0	11	0	0	0	24	0	0	39	75	56	55	26	27	36	0	73	0	12	0	72	20	0	67	54	29
71	0	5	56	0	43	15	52	61	0	65	75	31	0	49	47	22	33	50	32	53	63	0	25	0	0	0	0	19	70	0	0	0	2	64	0	14	45	0	76	74	0	0	72	3	27	62	0	80	11	0	0	10	13	48	6	0	29	36	0	0	39	51	0	0	12	0	0	34	54	9	77	0	81	66	16	37	0	30	0	78
0	60	67	0	45	33	8	0	0	39	0	70	20	0	57	0	77	0	27	81	74	29	0	37	0	2	0	31	0	63	14	0	18	40	35	0	0	80	0	4	17	19	0	65	0	47	6	30	0	66	0	5	75	72	28	76	34	1	0	0	0	0	52	43	0	10	25	53	7	0	0	22	11	0	0	68	32	55	0	38	0
0	68	0	0	34	74	32	26	0	0	62	16	11	0	0	0	0	30	3	45	0	4	0	0	43	40	7	6	1	0	28	0	0	0	0	59	0	53	41	0	75	20	0	0	0	81	0	0	54	0	0	0	49	44	60	70	25	0	0	2	66	10	0	47	18	0	76	63	33	61	0	8	50	0	27	13	36	64	52	0	0
52	0	7	77	11	9	37	0	0	2	0	64	0	0	0	12	0	0	0	0	45	58	40	51	63	57	75	16	8	32	13	80	0	0	0	36	42	0	0	70	71	61	5	55	0	10	30	0	0	44	22	18	74	73	68	0	0	20	0	19	0	0	0	0	38	69	0	0	47	66	0	29	0	54	0	6	3	67	0	0	1
55	0	40	18	53	29	0	0	36	56	0	80	0	0	0	27	24	0	46	69	42	66	0	43	54	0	73	0	0	45	35	49	44	74	0	0	9	11	79	0	77	30	0	8	78	28	4	0	0	63	12	57	0	34	58	0	75	0	62	72	13	0	0	0	59	0	0	41	65	0	0	50	0	0	0	20	17	0	0	26	25
44	0	50	68	49	0	0	0	43	0	54	0	0	71	34	51	74	0	79	0	2	0	0	0	0	0	0	0	18	39	0	67	27	29	25	61	0	12	64	3	76	48	81	0	0	37	72	46	59	33	0	0	0	0	41	8	0	0	60	28	10	0	63	0	1	32	9	0	6	57	21	19	24	31	78	0	15	0	70	77	40
26	22	1	71	0	79	25	35	2	17	66	0	0	0	0	58	13	16	0	0	0	64	0	39	29	0	4	77	0	0	0	0	72	0	11	5	41	34	23	50	18	43	59	53	0	51	0	48	78	15	0	6	70	0	12	0	0	0	0	0	33	0	46	0	0	49	8	55	20	3	0	40	74	65	10	69	0	0	42	0	62
54	3	63	24	15	23	0	14	0	8	79	0	40	9	0	78	0	45	33	0	41	11	0	0	61	0	74	12	7	34	0	17	42	58	20	62	57	0	0	0	27	0	0	32	0	60	50	43	75	0	19	76	1	49	0	22	6	59	29	56	0	48	0	26	37	0	71	0	16	80	10	28	81	13	0	36	72	35	0	0	0
34	70	66	41	0	61	6	78	58	69	0	5	1	0	26	72	65	42	32	8	0	0	77	0	15	56	0	75	0	59	0	0	31	55	71	48	0	2	0	38	0	54	33	73	63	25	0	79	40	0	0	3	45	64	80	44	50	74	21	57	0	0	17	68	81	4	0	0	62	46	13	67	37	23	51	19	52	0	9	28	0
48	0	19	0	0	47	0	0	80	6	63	46	0	37	50	76	0	0	9	30	5	0	0	0	0	0	0	57	10	0	33	52	53	0	0	0	75	56	0	22	67	15	49	26	74	23	27	65	0	0	16	2	68	55	78	40	0	0	32	0	0	54	0	0	51	0	60	0	72	70	24	44	79	0	0	8	4	0	71	0	0
8	0	0	33	12	69	0	65	20	25	32	7	44	23	53	0	57	61	0	16	68	0	19	6	0	48	50	0	0	0	0	0	37	0	15	54	0	0	24	0	0	39	40	62	28	42	26	0	0	38	58	31	0	0	71	0	0	35	76	9	64	77	55	52	0	0	0	79	63	0	75	0	59	66	47	0	0	18	34	0	56
38	32	0	64	10	75	0	0	72	70	21	49	0	77	4	36	62	0	0	18	7	0	3	0	0	26	47	40	0	0	23	28	78	0	0	60	69	65	37	45	1	0	68	0	44	71	0	54	81	0	0	24	0	0	0	42	66	52	0	79	30	27	0	0	0	11	35	0	12	0	0	58	73	0	0	0	46	16	63	5	57
12	69	0	54	0	0	42	0	0	66	43	0	28	16	21	20	0	56	80	0	18	0	0	32	6	0	8	61	0	35	44	0	25	0	0	4	3	0	0	0	0	0	38	14	0	31	65	0	11	0	78	64	2	0	0	0	0	7	0	15	51	30	41	10	0	0	13	0	0	0	70	0	0	0	68	46	0	58	73	0	26
58	6	20	70	51	13	35	27	0	65	0	81	0	34	0	0	1	74	67	0	0	41	10	56	72	0	54	43	0	64	0	0	0	19	0	0	47	32	45	55	0	5	0	68	0	49	0	75	17	50	0	0	0	28	0	0	78	62	22	0	0	0	40	63	4	23	0	0	9	71	0	39	0	36	42	24	48	0	0	59	16
68	0	52	0	72	0	77	0	16	0	17	61	18	0	37	0	0	0	22	0	9	5	0	75	69	0	13	76	40	31	0	0	0	0	1	0	20	54	0	0	30	65	0	0	0	41	0	58	73	57	0	34	32	51	35	12	60	48	0	0	0	26	64	0	67	6	80	0	38	0	0	42	33	55	0	27	10	66	29	78	0
0	29	24	39	33	0	71	0	53	31	0	76	7	0	62	40	0	0	49	44	12	68	30	0	27	51	0	23	38	52	77	47	69	26	0	2	0	36	10	21	70	34	41	81	73	61	18	0	46	55	42	0	0	0	0	75	8	19	0	65	0	0	0	0	16	20	11	28	5	60	0	56	72	67	15	0	80	0	54	45	9
0	9	8	0	66	15	46	64	18	36	53	12	0	0	41	25	0	14	0	20	78	35	0	0	0	62	21	74	67	11	54	29	0	0	68	42	48	39	0	0	0	0	37	0	0	13	23	80	69	24	0	0	16	3	0	45	49	5	0	55	71	44	73	57	0	33	2	0	0	0	0	0	0	0	38	17	30	40	0	0	51
17	19	0	0	0	0	0	21	7	0	47	3	30	60	48	32	0	69	0	38	36	0	53	0	50	33	81	0	27	0	37	58	0	14	0	18	26	0	16	40	24	9	35	77	22	0	66	1	0	70	72	44	56	10	52	0	2	0	20	0	6	28	54	0	73	0	0	51	68	59	76	61	0	0	5	39	11	0	0	57	75
65	0	47	79	1	40	81	30	0	0	75	0	57	4	33	80	0	0	48	0	0	0	0	71	0	23	0	0	0	10	78	46	0	9	0	0	44	8	13	0	43	11	19	49	0	0	0	68	0	0	0	53	0	45	59	69	0	42	39	24	14	0	0	0	0	0	0	15	0	0	52	0	20	35	61	0	0	0	60	62	37
0	78	0	80	37	57	36	0	10	50	0	0	19	15	0	26	63	0	73	0	58	61	24	0	2	0	11	45	17	51	62	0	28	20	72	6	29	0	0	1	0	60	0	0	0	0	0	0	39	25	48	0	47	4	67	79	21	31	74	0	16	0	0	66	0	0	46	32	30	65	8	0	0	0	69	0	12	0	43	0	34
14	34	0	22	5	0	0	61	31	71	73	2	68	58	46	0	23	0	16	37	0	1	0	42	17	66	0	0	13	0	12	24	0	0	32	0	0	0	0	0	0	0	0	63	75	54	0	38	60	59	30	0	40	0	0	0	0	70	10	0	0	0	81	49	44	45	53	0	3	0	0	36	21	47	8	0	25	4	0	6	0
0	0	80	35	0	0	62	0	63	0	0	0	58	46	59	49	53	54	0	0	0	45	0	0	39	29	28	0	0	6	0	25	19	0	27	33	0	9	77	12	0	24	0	56	0	2	37	50	20	0	0	52	65	8	11	36	0	26	0	67	72	0	60	0	5	70	16	42	0	0	57	78	0	79	71	0	51	74	40	0	0
47	51	0	1	25	66	0	0	70	27	2	0	61	0	0	8	64	22	0	35	43	13	17	0	0	5	0	0	60	0	0	54	0	0	59	65	0	68	33	44	0	0	29	0	0	58	0	69	4	14	24	0	78	67	15	0	53	0	57	0	0	74	42	80	0	0	40	21	0	7	45	0	6	63	0	0	0	38	0	0	3
9	56	0	65	58	22	24	81	46	21	37	79	0	35	5	3	43	0	0	66	0	0	0	60	30	0	0	0	78	49	72	0	67	52	63	57	2	0	0	75	0	38	0	80	16	64	13	18	0	28	25	10	41	0	29	0	23	0	0	7	69	0	8	44	0	71	0	27	59	0	0	53	61	32	12	47	0	19	76	1	55
57	0	14	61	52	0	12	0	0	0	0	0	0	0	32	0	45	76	71	0	38	0	0	0	0	47	49	0	20	0	9	15	0	0	81	28	0	0	55	37	23	41	0	67	0	0	40	44	0	0	0	0	34	33	19	0	0	10	18	78	0	43	25	0	56	39	0	30	24	2	79	63	70	64	65	0	77	60	0	11	0
0	0	34	0	27	0	54	28	0	57	50	47	69	1	0	0	17	0	58	62	22	51	41	0	11	31	65	0	77	73	0	18	40	0	0	44	5	0	0	0	36	7	25	21	42	43	9	0	66	0	76	0	26	61	0	0	0	0	79	80	0	59	0	60	20	64	72	0	0	0	0	0	0	0	37	0	0	0	2	0	45
32	72	45	0	0	0	0	50	17	13	0	44	0	18	77	0	15	0	12	10	0	37	0	19	0	46	61	80	0	16	56	70	36	64	0	21	0	0	0	30	20	0	78	60	57	0	53	59	0	62	47	23	39	63	51	0	58	0	3	71	34	52	0	0	9	8	48	0	41	49	0	76	29	42	0	75	22	0	5	0	69
78	40	75	0	60	7	0	13	76	0	0	30	16	20	0	0	0	70	34	0	81	72	0	0	33	0	63	1	11	0	43	8	0	0	62	0	0	35	0	0	69	0	0	0	52	0	48	0	55	0	79	17	31	22	38	37	0	0	24	6	32	9	0	50	61	0	18	0	73	67	0	14	0	0	39	0	28	0	0	0	36
0	74	64	6	2	44	20	69	0	34	0	73	75	0	0	31	56	72	57	40	67	0	0	0	0	32	16	29	24	17	42	48	66	39	0	79	0	0	15	0	0	63	0	59	0	0	0	0	12	0	0	0	7	0	0	65	1	14	49	45	5	0	13	62	11	0	4	0	0	68	0	0	26	0	0	0	58	27	33	81	23
43	10	0	0	67	0	79	0	49	26	28	4	0	6	80	19	0	60	1	0	20	69	59	0	53	0	0	0	37	22	7	0	13	12	76	0	0	0	0	51	0	74	18	27	32	3	15	0	38	72	35	11	57	46	0	63	0	0	66	0	40	50	0	0	33	65	36	29	0	0	0	0	0	62	56	0	14	0	0	9	30
20	64	0	0	31	67	59	0	25	43	27	52	42	0	0	21	0	7	39	0	0	0	66	0	0	54	70	55	0	41	5	0	24	0	53	56	0	0	50	0	0	76	0	11	47	77	68	60	0	74	0	73	35	0	13	32	0	4	0	0	58	0	10	23	19	9	69	78	36	12	80	1	0	0	0	0	0	79	0	0	14
0	38	0	0	36	12	70	37	0	76	0	10	0	0	16	46	60	71	0	24	0	42	63	0	4	0	0	18	48	40	69	7	9	43	0	45	72	0	0	32	0	3	0	15	41	57	0	0	49	0	64	81	53	1	0	19	67	11	8	0	80	21	0	0	14	0	0	73	55	0	22	17	30	0	74	34	0	0	20	0	77
56	65	0	0	21	55	0	0	71	77	0	0	70	81	1	53	61	0	0	51	0	0	36	27	32	0	0	25	0	20	0	0	76	79	0	10	67	57	17	0	5	58	12	43	59	26	0	0	8	31	62	50	28	78	30	24	64	0	0	0	44	2	0	38	0	18	0	60	39	0	0	13	9	0	0	29	23	54	22	0	46
28	33	0	0	61	0	0	0	0	44	0	0	49	0	0	0	35	0	74	71	62	20	76	9	0	0	2	73	15	0	0	72	0	13	46	31	39	0	56	80	38	22	0	0	0	0	21	32	7	0	51	66	54	24	77	0	0	81	68	5	0	0	0	0	0	53	0	57	0	11	0	0	25	0	58	42	41	0	0	0	67
3	0	0	0	0	45	0	63	0	78	31	0	9	11	0	6	48	79	0	0	0	77	38	80	5	0	58	0	0	0	27	2	74	50	17	75	61	30	68	0	49	0	7	64	81	40	41	70	33	34	29	0	0	0	57	0	15	69	51	53	0	0	0	54	46	43	0	10	76	0	72	16	0	19	0	62	0	0	0	0	28
69	0	0	0	42	30	23	0	22	0	0	33	0	41	0	45	0	0	0	0	0	46	64	3	0	0	52	44	57	61	11	0	58	32	77	0	0	0	0	48	34	21	79	0	4	76	36	6	0	65	0	0	71	27	73	0	0	49	28	43	31	72	78	0	68	0	0	0	25	0	0	59	0	0	0	0	38	0	0	17	63
40	0	18	43	9	49	0	0	35	58	0	0	36	47	0	56	0	2	0	60	16	0	0	0	68	69	22	59	42	8	21	39	1	0	0	29	73	70	65	24	19	0	45	31	26	11	0	14	3	0	0	38	0	15	0	0	52	37	23	0	0	17	0	0	77	79	75	71	44	0	0	34	66	0	0	50	6	0	0	72	64
41	0	46	0	0	50	17	0	54	29	39	0	5	40	0	0	19	0	0	26	31	0	7	10	18	21	0	65	4	12	67	0	63	0	0	81	55	20	0	8	0	77	0	0	25	79	0	23	45	80	69	56	72	43	0	0	16	0	71	1	0	3	0	33	58	37	24	0	0	51	0	62	0	2	52	70	47	0	0	76	0
79	0	0	14	0	0	0	0	0	28	4	55	67	22	72	65	3	26	59	0	19	0	0	73	0	44	1	0	68	66	0	35	0	47	36	37	60	13	0	42	0	0	10	0	0	39	58	0	63	0	17	16	0	9	54	46	0	0	27	0	0	0	70	2	0	31	0	0	21	20	41	6	71	0	7	56	57	0	0	32	12
80	25	0	0	64	0	7	67	0	0	0	0	0	50	56	75	70	0	0	3	48	0	2	0	0	35	0	41	65	4	63	37	77	0	34	55	58	74	81	33	0	12	0	0	0	0	17	31	71	0	73	42	27	0	0	0	59	0	44	10	38	0	45	16	0	52	43	8	0	1	6	68	49	0	21	0	13	0	0	23	18
33	30	56	63	75	0	0	0	45	0	0	23	0	0	8	0	39	66	54	0	6	49	68	13	58	9	0	0	35	0	0	0	48	0	0	0	0	59	0	41	0	0	47	0	0	62	0	61	44	21	52	55	14	76	64	28	0	0	0	0	15	5	37	12	53	57	0	0	67	74	0	26	0	80	3	2	29	46	77	10	0
36	0	0	0	22	0	61	0	0	30	0	15	53	0	29	0	76	20	0	65	51	19	79	0	0	45	66	9	64	50	49	0	32	0	23	0	8	0	0	0	63	0	0	13	0	0	75	0	0	68	2	0	3	5	72	0	39	0	0	77	4	0	71	37	0	0	0	58	42	25	0	0	52	34	0	12	59	0	14	27	11
13	0	12	0	74	54	0	70	60	37	0	17	26	0	25	34	2	0	0	27	52	40	1	0	10	0	39	42	71	47	46	3	0	53	61	0	28	75	6	0	11	45	0	0	0	30	0	24	43	67	49	48	0	81	63	23	0	51	0	41	0	14	57	0	76	0	33	65	0	64	0	69	22	5	0	0	0	0	38	66	73
37	0	17	0	0	0	14	0	0	0	0	0	0	0	45	48	41	58	0	74	0	33	61	0	0	0	0	27	70	0	20	0	68	0	13	67	66	5	76	73	9	0	0	0	34	15	0	0	28	64	0	32	18	0	53	52	42	0	12	46	21	1	80	0	22	0	0	77	79	19	60	71	0	26	55	0	78	0	36	0	0
0	49	0	3	41	0	2	39	23	40	81	69	47	31	0	68	27	0	5	77	0	50	44	11	0	0	55	78	28	0	0	0	0	57	8	0	0	38	0	17	53	52	14	0	0	19	59	0	0	56	26	0	58	0	20	43	0	0	0	0	74	0	48	7	10	0	34	0	0	0	0	0	0	0	70	0	71	9	64	0	60
73	52	71	76	0	58	18	59	34	79	0	0	80	32	0	77	0	43	75	0	28	38	0	0	7	0	64	0	39	54	19	5	0	56	26	1	46	31	0	68	0	57	0	0	60	50	11	20	51	0	74	8	13	0	0	0	29	3	0	0	0	16	0	0	49	30	41	48	0	63	40	55	45	25	72	15	61	69	0	24	33
35	0	0	48	0	0	0	66	78	0	46	6	0	24	55	0	0	13	29	70	0	0	32	0	31	0	17	21	79	0	45	38	16	44	0	72	0	0	40	0	0	25	2	3	0	53	10	0	0	12	0	0	9	0	0	61	0	0	7	60	65	68	0	75	47	14	0	0	15	0	50	23	56	0	0	54	8	81	0	37	19
0	0	53	9	62	0	68	47	0	38	61	0	0	57	42	28	71	0	20	0	59	26	0	21	0	37	15	22	52	58	0	0	60	80	30	66	0	18	0	7	0	67	39	51	0	45	77	0	29	54	0	72	0	0	31	33	35	0	0	11	0	0	0	13	3	44	70	81	46	0	0	0	16	0	75	0	0	1	17	0	0
0	54	0	12	80	0	3	6	79	1	0	0	21	0	24	67	18	5	56	0	0	0	81	78	0	0	0	0	36	0	59	19	49	25	0	46	23	72	0	0	0	0	0	0	0	0	57	0	0	13	31	0	44	0	0	35	9	27	0	20	0	15	32	0	65	0	63	52	45	47	53	30	34	70	0	0	55	41	0	50	10
27	0	16	0	43	0	74	0	0	0	15	37	81	51	66	0	0	73	0	0	69	0	46	36	62	70	60	50	3	0	58	63	75	0	0	0	0	0	0	9	0	26	0	0	48	78	14	55	61	0	6	49	30	25	7	0	12	0	54	33	28	0	53	0	13	19	0	68	57	0	0	41	8	0	64	22	40	77	0	42	0
70	20	29	0	0	0	30	38	62	0	57	0	0	33	0	0	0	0	0	0	61	12	35	45	0	6	76	54	0	78	0	0	0	37	0	0	0	15	7	66	44	0	65	47	31	0	0	26	0	36	9	80	0	0	0	1	0	24	0	0	0	0	49	0	0	59	73	56	4	0	23	0	0	16	63	14	27	48	32	0	81
22	31	0	0	77	71	9	0	0	80	41	72	62	69	0	0	16	0	65	34	23	0	4	0	51	0	32	15	6	76	1	56	0	5	74	0	40	64	49	43	58	59	8	0	19	33	0	35	0	27	54	0	52	0	14	47	10	0	42	0	37	63	0	79	0	81	61	11	48	75	18	0	39	21	0	0	0	0	0	12	2
10	0	0	52	46	81	76	0	0	0	0	0	0	0	27	35	0	9	31	39	57	2	0	1	44	49	0	33	72	0	0	14	64	24	12	68	0	0	4	0	0	0	0	78	51	20	43	0	0	41	53	65	62	40	69	56	0	0	0	59	45	67	0	15	0	42	77	0	0	50	37	60	18	38	19	28	5	0	3	29	0
23	41	73	0	69	0	58	5	21	45	0	20	2	17	38	39	14	0	0	0	0	48	0	50	64	15	0	0	0	0	4	44	61	0	7	27	77	24	32	57	33	68	60	30	0	56	0	34	18	10	81	37	12	47	0	3	74	0	46	8	19	66	62	0	0	28	78	0	43	6	0	51	1	0	35	0	75	52	49	80	0
0	35	49	75	55	68	0	53	40	48	0	0	79	0	30	54	44	0	13	73	0	0	0	41	47	3	67	70	80	28	0	71	52	11	0	17	0	0	0	63	25	0	0	36	46	0	69	0	0	0	0	21	23	60	81	0	57	77	0	39	78	0	29	0	0	0	1	0	74	8	2	0	65	0	6	0	45	0	59	0	24
63	45	0	0	47	34	57	2	0	32	0	53	50	0	0	55	42	65	77	0	0	0	8	33	37	0	0	62	0	0	0	79	81	66	0	51	0	71	0	28	0	10	74	41	61	0	0	17	0	0	0	58	0	59	21	0	38	75	25	52	0	0	16	70	29	0	0	40	0	35	0	31	0	9	36	78	56	15	46	13	4
4	0	61	8	0	28	65	0	0	0	59	0	0	0	74	0	0	78	42	29	17	79	0	30	0	0	0	0	16	13	31	0	20	0	57	53	0	52	1	0	0	0	0	0	70	75	0	0	68	0	39	63	0	2	36	0	72	73	0	0	41	0	26	24	0	22	21	66	58	0	49	12	0	0	11	0	0	51	0	25	47
25	81	74	20	40	0	0	0	37	59	0	0	6	0	28	23	0	0	0	75	60	44	0	62	46	72	0	0	0	33	0	0	57	67	0	49	64	0	27	0	61	16	9	70	5	38	0	0	50	32	15	0	0	18	24	10	0	0	14	0	26	45	0	0	2	63	42	69	0	21	11	79	55	0	0	35	1	36	0	47	68
59	0	31	53	0	0	69	55	57	0	11	0	72	5	0	0	0	21	25	9	70	67	16	66	0	0	27	0	0	46	36	40	0	0	4	35	74	3	8	23	0	0	48	0	0	17	52	0	41	0	0	0	0	0	75	30	0	32	15	0	2	64	0	77	6	0	68	49	60	10	20	81	19	51	0	71	63	62	0	0	54
0	0	54	0	71	64	0	0	33	53	3	65	48	0	60	0	50	0	0	58	0	0	21	0	0	61	40	28	23	18	81	0	0	76	24	11	43	17	36	14	68	66	0	7	39	0	0	0	70	46	77	0	55	62	0	0	0	0	0	0	52	35	79	0	0	1	37	13	0	34	67	74	69	0	0	9	0	0	72	0	59
0	73	58	0	48	2	19	79	13	55	77	43	32	0	0	16	40	47	36	0	0	24	52	76	35	41	38	63	75	9	0	0	45	31	0	70	49	21	51	62	0	4	0	20	0	44	34	5	23	0	0	74	0	26	0	39	37	0	11	0	0	65	1	28	71	72	30	0	80	29	0	3	12	46	17	81	0	22	6	18	61
0	0	0	47	39	63	0	42	51	41	58	22	71	0	73	0	79	35	0	68	0	78	69	17	57	18	0	19	29	48	74	0	62	16	52	30	0	6	0	0	81	0	0	0	10	7	49	28	13	4	0	9	43	54	25	0	46	0	0	50	59	0	12	36	0	15	0	76	56	0	5	33	0	3	0	67	21	45	80	64	32
45	0	27	0	0	1	26	75	67	62	0	56	46	70	69	4	0	0	81	0	64	0	0	0	0	0	10	0	59	68	0	65	54	7	0	14	0	78	42	52	28	73	31	19	76	24	47	0	22	0	0	0	0	36	18	0	20	21	0	49	0	0	0	53	48	58	0	0	0	0	12	9	15	57	29	77	0	25	66	2	8
5	43	3	0	23	0	16	22	29	20	25	78	66	0	81	52	51	0	30	0	34	8	50	0	0	28	45	0	0	0	0	6	38	60	55	58	0	0	80	65	72	53	13	37	0	14	31	2	35	1	0	75	21	0	0	0	0	0	0	0	27	0	76	0	64	17	59	47	0	0	19	0	10	0	0	0	24	70	41	0	42
18	46	0	0	76	56	0	0	0	9	0	0	29	27	0	0	68	0	0	0	32	54	20	0	12	0	59	72	0	15	80	42	0	0	2	78	25	41	0	26	47	0	71	69	77	0	0	51	48	40	45	67	0	0	6	0	28	33	0	70	22	60	58	0	50	24	0	0	0	23	0	75	38	0	0	11	7	53	37	0	52
49	0	0	62	8	72	0	9	0	64	0	57	24	0	0	7	36	0	0	0	0	56	0	15	0	0	79	17	21	37	66	1	0	0	3	25	0	29	30	18	35	44	0	0	12	69	0	0	0	20	59	61	81	6	4	16	40	67	19	34	23	0	0	0	0	51	0	0	0	32	0	43	0	0	13	60	74	50	75	0	76
0	0	59	51	81	65	80	0	74	33	0	50	60	56	7	0	11	17	0	67	4	73	0	0	45	63	3	64	54	0	0	0	6	0	0	9	0	0	0	72	48	0	16	12	0	18	0	0	0	0	46	0	25	52	26	29	76	0	0	66	0	57	14	21	0	0	0	0	49	37	77	0	0	8	41	23	35	0	0	70	0
0	16	0	29	54	5	0	0	52	73	0	0	51	62	65	24	0	19	2	0	0	0	0	69	9	60	23	4	76	79	0	55	0	30	10	15	0	58	0	81	32	28	0	6	0	0	44	64	57	0	66	71	0	21	0	20	0	53	0	13	49	41	61	0	63	0	56	0	75	78	0	70	0	0	33	3	26	0	12	14	0
1	0	35	0	73	8	21	44	0	74	64	29	55	0	0	66	0	0	47	6	0	0	56	22	0	59	25	81	41	0	0	26	46	0	28	69	79	14	0	0	31	27	0	52	53	0	60	37	0	0	0	78	51	0	0	0	0	17	0	30	48	62	33	20	43	54	23	0	19	24	7	0	77	72	67	45	0	63	11	0	38
61	18	9	0	79	78	0	43	0	35	0	48	25	49	76	22	28	46	0	0	27	0	0	0	21	0	42	0	32	0	0	0	0	72	14	52	15	0	59	0	0	80	67	75	0	6	12	0	31	0	55	0	0	0	3	2	19	0	65	74	54	0	56	0	41	34	62	0	10	44	30	64	60	24	0	0	0	0	0	69	66
0	0	0	0	56	0	33	45	75	63	0	39	27	0	0	0	0	0	0	0	24	0	51	14	20	0	71	60	2	0	8	0	0	35	19	77	0	42	0	5	0	13	23	25	55	0	0	0	67	0	0	54	0	41	22	21	43	0	0	44	0	46	11	29	36	76	6	0	0	0	59	72	48	52	34	0	0	47	0	30	74
76	23	0	4	13	60	0	19	69	0	45	42	34	12	43	0	8	52	44	61	0	80	57	0	70	77	0	0	0	38	3	0	33	18	67	74	17	7	26	0	0	35	0	10	50	29	24	0	58	2	75	68	0	48	0	0	71	25	6	37	63	81	0	0	31	16	0	0	0	22	0	0	32	20	54	0	79	5	28	0	53
46	0	57	7	0	25	0	0	64	68	69	26	54	36	15	10	47	32	0	0	0	0	49	0	76	0	29	0	31	62	0	50	0	63	0	43	11	0	73	34	41	70	30	39	0	0	1	8	19	3	0	4	0	14	45	0	5	55	0	51	0	80	28	65	52	0	0	38	71	0	33	66	2	18	0	21	42	0	61	16	17
39	0	48	0	0	36	0	40	0	0	78	0	59	80	6	79	21	41	64	11	37	0	26	35	55	0	62	0	0	7	17	66	23	65	0	73	24	61	0	0	8	29	43	0	0	0	20	0	0	47	0	45	50	70	42	0	0	72	0	32	60	0	4	0	74	13	58	46	53	0	27	57	68	22	9	25	19	75	81	49	71
0	71	0	0	0	10	0	15	26	0	40	0	0	2	70	30	0	75	41	0	0	0	0	0	0	52	0	11	56	0	0	0	0	48	45	0	0	0	3	0	51	0	63	0	21	0	16	0	65	53	33	62	0	0	39	0	0	58	34	38	0	23	31	8	0	50	0	5	0	17	0	0	0	59	0	0	64	6	55	36	44
-1
